40 20 5 1 1 0
40 40 3 1 1 0
300 45 1 3 3 0
500 110 40 9 9 1024
100 25 8 0 2 1
123 38 10 3 3 5
600 100 0 10 10 1
800 120 20 10 10 2048
150 80 0 2 2 2
200 50 10 8 2 0
240 999 0 1 1 32
999 200 50 10 10 32
90 35 14 3 3 0
200 50 20 4 4 32
40 20 0 3 3 16
800 100 100 10 10 128
300 40 30 4 4 8
1200 150 80 12 12 8
5000 100 100 15 15 1032
7500 120 115 18 18 1032
250 28 25 3 3 0
3000 250 150 15 15 0
7500 300 200 18 18 0
2000 400 99 15 15 36
40 12 5 1 1 0
60 15 8 1 1 0
20 20 9 1 1 0
20 20 9 1 1 0
15000 500 100 30 30 256
60 15 8 1 1 0
4500 10 0 30 30 520
20 20 9 1 1 0
40 12 5 1 1 0
60 15 8 1 1 0
20 20 9 1 1 0
20 20 9 1 1 0
40 12 5 1 1 0
60 15 8 1 1 0
20 20 9 1 1 0
20 20 9 1 1 0
40 12 5 1 1 0
60 15 8 1 1 0
20 20 9 1 1 0
20 20 9 1 1 0
40 12 5 1 1 0
60 15 8 1 1 0
20 20 9 1 1 0
20 20 9 1 1 0
40 12 5 1 1 0
60 15 8 1 1 0
20 20 9 1 1 0
20 20 9 1 1 0
40 12 5 1 1 0
60 15 8 1 1 0
20 20 9 1 1 0
20 20 9 1 1 0
40 12 5 1 1 0
60 15 8 1 1 0
20 20 9 1 1 0
20 20 9 1 1 0
666 0 0 7 7 64
60 15 8 1 1 0
20 20 9 1 1 0
20 20 9 1 1 0
40 12 5 1 1 0
1200 40 55 6 6 258
20 20 9 1 1 0
20 20 9 1 1 0